Topic 00		164.790045172114
	1617	28.997623529184693
	1622	26.998746403506967
	1616	24.994680474493265
	1625	16.995368145316547
	1638	16.400378179882136
	1626	12.997369692405947
	719	9.062352443364713
	1624	7.9981074050700505
	1644	6.987846931080418
	1643	5.039156241495334
	1621	3.898153300040321
	515	3.07879922453982
	1004	0.706167338052643
	551	0.2561060301260554
	1003	0.1366675397755503
	1609	0.06738068670502702
	1650	0.043748045538611086
	791	0.03472852204697335
	1429	0.025829998123843543
	1425	0.017819922829756283


Topic 01		34.49839253941686
	57	25.07534353313111
	1638	5.598266282578492
	1650	1.9555906139022758
	1621	1.1005394006641285
	1304	0.45010782812415073
	484	0.05346690114286774
	1003	0.046132039175509065
	514	0.019880484206826747
	505	0.016574621911152405
	551	0.014195611429775283
	1325	0.013638824570993299
	791	0.010313895719807155
	1609	0.009664245726581033
	1484	0.008500961680551053
	151	0.00756996883998769
	550	0.007250022405816543
	605	0.005938974686194658
	442	0.005838001088009623
	275	0.005488357861521833
	1644	0.005055836119283818


Topic 02		34.93384373800052
	151	33.723739702186705
	539	1.0719254686586126
	117	0.007838966701235793
	118	0.007463678130129488
	605	0.005869630779966108
	53	0.004923026779968555
	119	0.0049207650529348385
	1304	0.004796880664487908
	57	0.004667579037457932
	54	0.0032943625692063152
	610	0.002841871053609159
	62	0.002476639628071529
	51	0.00198489191514268
	1376	0.0015427662417425252
	265	0.0014761699348323078
	279	0.0013119508426645194
	516	0.0012972570708852642
	483	0.0011610049321301235
	556	0.00103770758130415
	512	9.737984844836435E-4


Topic 03		160.5428791799269
	1376	36.47885894210385
	741	27.4419077941279
	1425	12.333487486421678
	719	12.229020960222535
	549	8.782072429114075
	1258	7.007056766748378
	968	6.92575105837755
	1383	6.721163898422493
	550	6.3589949529107095
	563	5.7600356335007215
	1005	5.052589351301128
	1302	4.980956425182768
	1314	4.391351500345921
	1325	3.548689867060347
	1243	3.2522700175929344
	488	3.056852403336342
	551	2.399712505746302
	599	1.9790925351389368
	557	0.6850674479956113
	442	0.6842296826487994


Topic 04		209.00327790520723
	354	47.99981784093772
	356	38.99982827035642
	350	34.99982148705137
	363	13.999795817790638
	351	10.999812521545087
	381	8.999780919374318
	357	7.999809478192922
	378	7.999796420613029
	347	7.999787885172006
	353	5.999779865929461
	355	4.999776410152228
	367	3.9997706574961267
	377	3.999760939811688
	368	3.999727790236438
	396	2.9997555088778127
	345	2.9997369182239155
	605	0.001044460168908062
	1304	8.464253515364202E-4
	610	2.0953891714286792E-4
	556	1.790909501323727E-4


Topic 05		65.56487904893864
	38	26.265060244140503
	2	20.99978658769751
	1	10.99249387837148
	10	3.999708453947309
	488	2.7302993138098364
	550	0.488090216383101
	1314	0.018224388097586332
	1484	0.007304093798892971
	1689	0.005867993524604625
	539	0.004955541591056315
	605	0.0032366752468765115
	777	0.003100599517325188
	1304	0.0026387273441978573
	516	0.0022448660940595803
	118	0.0021853373721374067
	515	0.00216046159203694
	881	0.0021281541737088547
	451	0.002008455670488577
	791	0.002002567786123601
	1058	0.0019657045556167223


Topic 06		209.11361635362658
	166	25.999488353393925
	172	21.999602197576188
	215	15.999754423820058
	184	11.999655490052108
	222	6.999821446865748
	194	6.999605927151602
	171	6.99959846085748
	182	6.999539823143646
	181	6.998972739813321
	167	5.999523118641628
	225	4.999498150694411
	187	4.999440638533189
	191	4.999439771561175
	190	3.9997085521140363
	223	3.999388508115821
	228	3.999378919235906
	185	3.9993159734054213
	189	3.9989441242065293
	188	2.999750409423873
	202	2.999667741952134


Topic 07		143.58305496047623
	563	32.600575937730156
	565	29.92538799004226
	469	21.122228432765457
	118	17.854771481292858
	514	10.441615876279709
	464	5.247161895981565
	555	4.981290184951664
	472	4.853080497116816
	485	3.827117089086964
	481	2.701995710296114
	483	2.6610299068244014
	576	1.9611951319656367
	467	1.7757452459088903
	516	1.695732875915007
	488	1.2657203448588932
	484	0.13557746335176513
	494	0.09028257043344985
	482	0.09016806987164949
	505	0.05557721029819155
	474	0.05207244318621112


Topic 08		239.87037949924928
	772	34.997929950987626
	783	24.997212727352142
	57	15.897278622121627
	784	14.997408249936612
	488	14.743450488989826
	719	14.063507430312232
	515	11.478416214721346
	792	8.996787069682012
	118	7.658815102482304
	794	6.997721154345977
	787	6.995513158056063
	451	6.113349414254188
	774	5.998180540198662
	773	5.996033297862143
	516	5.137775986958677
	778	4.996890271347185
	796	4.9967452538813
	786	4.996520074419287
	782	4.99605144431373
	795	4.989573363526454


Topic 09		118.87251182959696
	1435	36.998487534486685
	1429	23.81624299868779
	1432	11.998744199806028
	1428	11.998149164606595
	1430	10.998165020677499
	1427	8.998333948708495
	1431	6.998346279031006
	1243	2.8071019382267695
	515	1.9401983507330307
	791	0.88522918304857
	516	0.6438864662018842
	512	0.5128357483699788
	532	0.19641378609155344
	557	0.030101484977053807
	514	0.014608677868205803
	492	0.013484984394251028
	451	0.007270366306214338
	616	0.0022577885366324157
	605	0.0018182184673336218
	488	0.00176935132348107


Topic 10		73.97604880095616
	1119	39.999451899260045
	1164	11.142392438039066
	1118	10.999781336971132
	1121	4.999058203714989
	515	4.083774013529631
	1005	2.009420743995315
	968	0.5840614680296092
	442	0.13803586022397998
	605	0.0028818842897600032
	1304	0.002341522322262407
	610	6.398342112009312E-4
	556	5.521493577717807E-4
	512	4.950547964811594E-4
	539	4.900876149060017E-4
	1004	4.8572629033536406E-4
	516	4.1666631977398263E-4
	57	3.895783222941174E-4
	468	3.8281447230134743E-4
	557	3.7099731939974165E-4
	550	3.282366783853535E-4


Topic 11		62.33423027675567
	492	28.955168812435087
	470	15.440019143506316
	471	8.682554973649134
	472	3.7543091551363807
	118	2.6963976096742144
	494	1.5009287953483252
	464	0.9176682828704836
	556	0.18581276137275507
	485	0.04357724006262531
	532	0.04342262470944113
	466	0.021547828349855986
	515	0.007638945539934997
	777	0.00475969967548623
	514	0.0035361633914386876
	605	0.003397444961018491
	791	0.0031908788263132243
	57	0.0029434121530824853
	557	0.002850033727920492
	1304	0.0027629559397599913
	38	0.002536899716085765


Topic 12		87.92541072765502
	1003	23.630798514443335
	1488	19.99618338465735
	1484	14.986362138670339
	1383	9.082482141222856
	968	7.128348381589269
	565	5.037387709560353
	451	2.119842080162574
	616	2.0015900292327014
	515	1.9079077232158053
	1002	1.0376042956476788
	539	0.667721385179266
	1376	0.10102559617028727
	1325	0.07309906938108457
	57	0.041048527963135885
	1304	0.029589569561899922
	1004	0.01608455673740722
	483	0.014076414447834517
	442	0.010647521530066803
	1425	0.01026712541682622
	605	0.0024387588063793735


Topic 13		116.38828597476066
	1048	17.99655855796572
	1063	13.9976573359855
	555	10.654670782951786
	1081	8.999398073688297
	1058	8.992890271002736
	560	6.68202053154392
	1060	5.999034914680866
	1049	5.999020310927291
	1053	5.9986145098418096
	1055	4.9988412150811135
	1046	3.999188407586716
	1051	3.9985430068886503
	442	3.014720140727883
	610	2.0483092875231197
	57	1.819245129703197
	38	1.1646669299000534
	557	0.40852803282301753
	492	0.37053879531287937
	515	0.111377964514525
	516	0.06455018943064293


Topic 14		56.940979801472984
	442	25.015466901738353
	1004	7.80434315481727
	1484	6.986847782200409
	513	5.359372070308919
	450	4.497626934465658
	1689	1.6177100806693838
	57	1.6133778604988915
	538	1.226961516479507
	551	1.145461195007872
	1376	0.9800592550838007
	1304	0.2848631968207195
	539	0.11465054518418878
	719	0.06114980606887582
	576	0.03976195683925479
	515	0.02832977072255927
	557	0.023651329785387438
	1314	0.022352982188286446
	1325	0.015093516201210718
	1002	0.013303422346111957
	563	0.01284786440597697


Topic 15		108.88003601757572
	538	49.72845436936393
	555	29.400175519521127
	539	6.387723688939133
	599	6.003155872410153
	488	4.3061758211317365
	550	4.055551844038153
	1686	2.6948530101925128
	556	2.5061667963684333
	540	2.093673852012861
	534	1.1834987427926138
	275	0.072120421506902
	532	0.0500185246332319
	557	0.03255193605284294
	512	0.0281214967834797
	1425	0.02283133288129519
	483	0.022590081931918818
	515	0.019918381779684254
	514	0.019864978318943193
	610	0.017775998671255136
	1689	0.013104864188768524


Topic 16		135.24877955207177
	512	11.335295726908438
	974	10.996216157824282
	968	8.856925366251687
	972	6.9927991580256
	719	6.487304310778067
	961	5.997188576668476
	513	5.466597237433281
	57	5.0007049040154605
	988	4.997041005310657
	962	4.995829232731347
	488	4.940398403445916
	558	4.429848044456951
	985	3.9934899736592513
	976	3.9931175421296374
	1005	3.095342580749339
	984	2.9978811039562503
	963	2.9973636053446624
	986	2.9961644445103346
	971	2.9935820615107698
	1002	2.921852594883315


Topic 17		139.9918550750498
	555	35.158280209981626
	534	12.034427840799264
	1740	11.986629932368619
	560	11.30594151360199
	516	10.14840871518834
	540	7.527730175134296
	558	7.492573183998129
	968	6.6006106550718915
	604	5.997817812710416
	1749	4.993192855013901
	1643	4.828086415094144
	538	4.2044141215314035
	451	3.907462199611075
	1756	2.992493007194327
	1243	2.388475444516632
	1704	2.1845099879479117
	557	2.1824443775136255
	57	1.4515006527183247
	1686	1.1017068617130186
	605	0.9302770717753738


Topic 18		113.01084908501386
	118	11.197342689803103
	117	8.992038373608654
	51	5.997870933950695
	119	5.99494350484618
	62	4.997367441369571
	61	4.76762358246779
	57	4.046771706618911
	54	3.9965301635338553
	123	3.9701717072093086
	58	2.9997764893355923
	53	2.9948624493720146
	539	0.07744362970659355
	516	0.010488620533738937
	151	0.004621523635410849
	605	0.0019102642881880616
	1304	0.001734519715257014
	512	8.251193424528892E-4
	610	3.9847958081564447E-4
	556	3.492853563473206E-4
	1004	2.9943175568675423E-4


Topic 19		400.66257881277187
	469	59.90308910068758
	118	57.174979384026074
	470	34.91254536730814
	474	34.357213873320724
	464	32.79731119974099
	466	29.970989854205108
	465	24.05617675859372
	471	22.257728132224443
	475	21.99150018863581
	485	15.594775282990732
	494	14.5496910982978
	505	11.891134049849887
	472	11.694975286726265
	468	9.910304267240045
	467	5.222123171754525
	484	4.327485951057348
	504	3.1380072974703994
	483	2.7137491513109384
	57	1.801671364542973
	481	1.273683648998022


Topic 20		62.1282934518497
	451	24.001990943830172
	557	9.026774792409078
	515	4.239487977538892
	1429	3.5316067146553265
	151	3.5045769262482867
	791	3.46738315881347
	275	2.8484402758649354
	513	2.10622665910371
	1609	1.9011535505799226
	1689	1.649009453578457
	1425	1.6082147202099284
	450	1.4997337121738596
	1325	1.3948152267203988
	610	0.8450797840483542
	1003	0.12040010007695243
	468	0.05708376361991293
	1243	0.039758359693185696
	512	0.029195068707621577
	1004	0.024261131570410897
	514	0.020079888596758907


Topic 21		182.94495806434938
	512	47.57306519388803
	513	46.245536000838875
	514	19.80753436554725
	551	9.369549613786475
	516	8.254129725264246
	741	8.19149010392774
	557	7.528930466068569
	488	6.858316026915988
	610	4.956649056584988
	451	4.777063294664417
	616	4.503025885652809
	576	3.5557011534762566
	1164	2.7560552286663422
	442	2.532296674476264
	61	2.226463936503199
	151	1.7896685545731934
	468	1.0040933643955285
	539	0.333176726704219
	556	0.13019802993423002
	484	0.06596251160943647


Topic 22		183.00414998642083
	1556	35.99757615252412
	563	34.60522913582008
	533	31.897668915141573
	1545	18.99834419141891
	1550	14.998394644717683
	1544	9.999048144668382
	1549	9.998374145711397
	1552	6.998383188782575
	1548	4.99876271391298
	1561	4.99667440948773
	1005	2.6540846347824076
	741	2.341789771949406
	532	1.9566327612929673
	1326	1.1701219060832677
	1325	1.082953028957341
	1304	0.19154857144171308
	488	0.040448215996741886
	539	0.028085010306977395
	968	0.00935658767910207
	538	0.00817429000701872


Topic 23		137.2077899353676
	532	39.024219368556786
	539	17.330397448085165
	1704	13.805020039399496
	1164	9.034546360720558
	1696	7.996019056632189
	1697	6.997509514333216
	1689	6.395138472040484
	610	6.2091023222106205
	1690	5.9956692405449346
	1691	4.99738615394381
	1686	4.185326696616467
	1643	4.098080374068421
	1715	2.9916313809326045
	791	2.9820073481689033
	275	1.9849056930942952
	1429	1.6063101262048303
	555	0.6832049451782896
	968	0.6307276000562728
	719	0.05883065252741527
	1243	0.05326524640179447


Topic 24		196.34863177552245
	881	40.990196990516694
	795	19.008173436350646
	840	12.999788041509849
	880	12.999767771242697
	844	12.999733493038082
	876	10.999728871415897
	894	9.999761671550395
	864	5.9997297985878015
	859	5.9996561343923105
	895	4.9997211253139495
	837	4.999699247549293
	874	4.9996783143823835
	872	3.9997096603880267
	893	3.999707340229038
	900	3.99967941460131
	848	3.9996483934704967
	869	3.9996101898293155
	870	3.999582465847374
	839	2.999688777367229
	887	2.9996449414692776


Topic 25		156.21905486920667
	483	32.572218468604376
	528	19.968080023356414
	551	18.579657085389492
	533	11.077641644170916
	504	10.833417721926661
	532	10.704928105316254
	464	9.031454162460221
	468	5.60733090350569
	515	4.940814120073265
	534	4.777125180752779
	470	4.642202427749819
	482	3.879786918383118
	512	3.6272086336610396
	465	2.937606119046902
	540	2.6974437489942598
	494	1.8461907305524414
	514	1.6730191478323981
	474	1.5847956282265179
	485	1.5206738376106104
	484	1.4107818105701275


Topic 26		111.90123452345199
	1247	15.992594229302874
	1255	10.999382047478148
	1302	10.001300766940517
	1242	9.998770639876
	1285	8.992201781537846
	1269	7.999243843191082
	1282	7.99917863841257
	1272	6.998492767572846
	1243	6.365855119450932
	1270	5.999130302208997
	1254	4.9988856723269155
	1246	4.9926594335293455
	1273	3.996128822464115
	1256	2.995508124759736
	1258	2.6044200496356553
	610	0.7598025823095506
	1314	0.07551782448560265
	1325	0.051952452869328314
	1005	0.017663455248433525
	1311	0.013368423177590152


Topic 27		125.50812026331958
	627	29.99350731312893
	616	17.774508885776957
	630	16.998549571663617
	629	16.995215492707622
	628	15.97974123710991
	539	6.8853502672486275
	515	6.090508030814598
	538	3.682347438176091
	576	3.3029790216348203
	540	2.809345168619272
	551	2.107043276251604
	719	2.0119392891277186
	512	0.33402064061229514
	513	0.20472730195900446
	492	0.08990590174635547
	549	0.08562911455194194
	558	0.062054151436527656
	514	0.030771158783442325
	555	0.02406682745162629
	741	0.017662291101029067


Topic 28		153.0320013626016
	278	22.99981643813095
	268	21.999158905315472
	294	18.9997342856766
	299	13.999710520372
	263	11.999537987596067
	287	9.999615448801183
	276	9.99916591835565
	267	8.999817965182553
	271	6.999154735546541
	279	6.998428844605144
	272	4.999821923984143
	265	4.998248168471137
	275	4.0519681060237005
	57	3.9888467751079744
	118	1.895492352397026
	151	0.09404029444513787
	605	0.0014196182037421587
	1304	0.0012472670839007184
	556	3.280334952051054E-4
	610	2.8819731746047806E-4


Topic 29		76.57383141727365
	1326	17.823472797904113
	1311	9.98622294169728
	1295	8.987103672254984
	1376	7.404417959402466
	968	7.227389537993474
	1325	6.8009876534816724
	1314	6.479069385354601
	616	3.9942457752409917
	1383	2.1828041296896123
	1005	2.155128635352078
	1243	2.072479430739302
	1258	1.3780098458216379
	1285	0.0074657359752279065
	1246	0.007126402234116204
	1302	0.006756985036198015
	1247	0.005860732910586773
	57	0.00438528048010842
	1256	0.004263522960094152
	1273	0.0035318122334293783
	513	0.003241452993909306


