Topic 00		164.7854731223615
	1617	28.99762333959007
	1622	26.998745711857747
	1616	24.994679895705314
	1625	16.995368548645146
	1638	16.40042367591333
	1626	12.997369150644404
	719	9.062431674598617
	1624	7.998106713150964
	1644	6.987846409393582
	1643	5.03948170839734
	1621	3.898173600991684
	515	3.0781566029598944
	1004	0.7059927697717525
	551	0.2517842948157753
	1003	0.13663594948731297
	1609	0.06734123333720034
	1650	0.04375730206548915
	791	0.0349442024018997
	1429	0.025811440007345365
	1425	0.01781761155349187


Topic 01		34.50319095839414
	57	25.078581634299034
	1638	5.5982203739614365
	1650	1.955581253359996
	1621	1.1005184590190826
	1304	0.450068047379069
	484	0.05482704738619271
	1003	0.04611518089126534
	514	0.020282783642874773
	505	0.01662482610677481
	551	0.014144701067367496
	1325	0.013619049139152852
	791	0.010377574258552527
	1609	0.009705826514350188
	1484	0.00848988397153502
	151	0.0074981314607321875
	550	0.007269927587520877
	605	0.005936743480987345
	442	0.00579847376802928
	275	0.005511122709288434
	1644	0.005056100549899117


Topic 02		34.9261137102417
	151	33.71343627359518
	539	1.0745052524040626
	117	0.00784194107720069
	118	0.007448426665951964
	605	0.005869429640835652
	53	0.004924190485848697
	119	0.00492222045518552
	1304	0.004798998619646374
	57	0.004667502845145045
	54	0.00329514193181761
	610	0.002850609063365676
	62	0.0024772258062753048
	51	0.0019853618411732324
	1376	0.0015314884714209066
	265	0.001476717130922818
	516	0.0013133910613900967
	279	0.0013124371041352864
	483	0.0011303767080932273
	556	0.001037698939361452
	512	9.727122248565741E-4


Topic 03		160.46465973246518
	1376	36.51073687240038
	741	27.437687702179435
	1425	12.334402502513651
	719	12.23313248575661
	549	8.781532715815207
	1258	7.00704101951943
	968	6.910232124864958
	1383	6.722723087692842
	550	6.342037611852545
	563	5.742919874227356
	1005	5.013444944121058
	1302	4.980989214628052
	1314	4.393923303982569
	1325	3.549345780348407
	1243	3.255849591782018
	488	3.058248040824118
	551	2.3978024339244683
	599	1.9790975354350269
	442	0.6978985886863976
	557	0.6488575679658531


Topic 04		209.00327743897415
	354	47.99981784720049
	356	38.99982827626111
	350	34.99982149318598
	363	13.999795824807858
	351	10.999812527986524
	381	8.999780926902119
	357	7.999809484743439
	378	7.999796427612704
	347	7.999787892458519
	353	5.999779873491845
	355	4.999776417835759
	367	3.9997706653812704
	377	3.999760948026421
	368	3.999727799585498
	396	2.999755517295047
	345	2.999736927269462
	605	0.0010442076322666033
	1304	8.466308727959013E-4
	610	2.0948010465360133E-4
	556	1.7903691596468923E-4


Topic 05		65.5522952842353
	38	26.265301972277236
	2	20.999786638217905
	1	10.992472253404168
	10	3.999708522946699
	488	2.7235034576561405
	550	0.48214579828667786
	1314	0.01816649020772472
	1484	0.00730746670091975
	1689	0.005867058464961448
	539	0.004963145474554377
	605	0.00323649947215687
	777	0.0031009437185208445
	1304	0.0026398518680204645
	516	0.002232025008825125
	118	0.002184800754611358
	515	0.002162374015711038
	881	0.0021275530766923
	451	0.002008701556165858
	791	0.0020023648494219715
	1058	0.001966550858921898


Topic 06		209.11361209278942
	166	25.99948840513156
	172	21.99960223369652
	215	15.999754439712921
	184	11.999655512065281
	222	6.999821452967787
	194	6.999605959350834
	171	6.999598493317691
	182	6.999539857644632
	181	6.998972863982745
	167	5.999523157438208
	225	4.999498195902361
	187	4.999440685771393
	191	4.999439818830812
	190	3.999708562057533
	223	3.9993885663704623
	228	3.9993789778339943
	185	3.9993160342557683
	189	3.9989442441759584
	188	2.9997504179550005
	202	2.999667753294574


Topic 07		143.5700417847732
	563	32.325428258270826
	565	29.92509090050048
	469	21.13896952377391
	118	17.891023652137417
	514	10.548302795877188
	464	5.269833024848199
	555	4.981330339090482
	472	4.881796382716526
	485	3.8328548267453613
	481	2.7033050368008578
	483	2.6873542233371808
	576	1.9622460279445066
	467	1.780544542356796
	516	1.6960656492779043
	488	1.2696058760819735
	484	0.13806899937834335
	482	0.10153131883396675
	494	0.0895106513890335
	505	0.05586496787832338
	474	0.05161108896383236


Topic 08		239.8355572614115
	772	34.99792595945122
	783	24.997213794217657
	57	15.896865291312032
	784	14.99740540412009
	488	14.740812953097377
	719	14.06337815543611
	515	11.471057617446922
	792	8.9967839507613
	118	7.6538792754034315
	794	6.997712423229709
	787	6.995512577355121
	451	6.114001053860511
	774	5.998179567758754
	773	5.996029736340733
	516	5.133553747365301
	778	4.996887487207134
	796	4.996741529603778
	786	4.996513092660971
	782	4.996050053507252
	795	4.98956704046161


Topic 09		118.87094090602844
	1435	36.99848681662504
	1429	23.81614449822471
	1432	11.998744103911823
	1428	11.998148434733952
	1430	10.998163719902799
	1427	8.998332077100459
	1431	6.99834662061477
	1243	2.810829570461289
	515	1.9396352068028069
	791	0.8855101883594497
	516	0.6436217883226201
	512	0.5066522786687758
	532	0.19780995292697684
	557	0.02993122751111428
	514	0.014880042468653801
	492	0.013494923415911781
	451	0.007277564022194882
	616	0.002258151339451958
	605	0.0018178039914436826
	488	0.0017894168735729313


Topic 10		73.97524107750088
	1119	39.999451814378276
	1164	11.141624161767918
	1118	10.99978134928975
	1121	4.999057982382068
	515	4.083829259490871
	1005	2.009371720996074
	968	0.5841470784910437
	442	0.13791778768316587
	605	0.002881217236473096
	1304	0.002342105815241993
	610	6.397336782915593E-4
	556	5.521109094247715E-4
	539	4.965970126297203E-4
	512	4.929572650759135E-4
	1004	4.837706424249602E-4
	516	4.165714388127794E-4
	57	3.893953692935398E-4
	468	3.81595374759137E-4
	557	3.699831473026259E-4
	550	3.2697695138106213E-4


Topic 11		62.357958255674234
	492	28.953050152710315
	470	15.445470485863797
	471	8.688195968219432
	472	3.758935377489534
	118	2.706497599555999
	494	1.49961635400228
	464	0.9186336534864111
	556	0.18555315264987887
	485	0.043815771947498326
	532	0.04374777087628359
	466	0.0215766660455589
	515	0.007659317806217179
	777	0.004760648377648541
	514	0.003597569973303006
	605	0.0033953663064046273
	791	0.0031906181961309146
	57	0.002941850231741997
	557	0.002832338487438503
	1304	0.0027625842107544428
	38	0.0025372918842059044


Topic 12		87.9347718516945
	1003	23.631119919831633
	1488	19.996188798958944
	1484	14.98925762690466
	1383	9.082846889933293
	968	7.128058932668622
	565	5.037846982125789
	451	2.1196540976049993
	616	2.0014360448890813
	515	1.9079729581229075
	1002	1.0375424690490875
	539	0.674880884985099
	1376	0.09993999189034115
	1325	0.07306538829213297
	57	0.041018612093505505
	1304	0.029501584645543547
	1004	0.016099842975868927
	483	0.013953943134865815
	442	0.010757691137441577
	1425	0.010255062175999502
	605	0.00243791238116879


Topic 13		116.38782811362232
	1048	17.996556875340293
	1063	13.997656860774708
	555	10.655628631029245
	1081	8.999398145685324
	1058	8.99288579330347
	560	6.682978803546531
	1060	5.9990346454808865
	1049	5.99902004194821
	1053	5.998613818242603
	1055	4.9988408789023175
	1046	3.9991886588445675
	1051	3.998542558775605
	442	3.0141423400892293
	610	2.0483567276586667
	57	1.8197459567360288
	38	1.1645282233384557
	557	0.4067199440529119
	492	0.37064245848677485
	515	0.11157869913684672
	516	0.06409878624204396


Topic 14		56.91193555009666
	442	24.992374349029483
	1004	7.83011756897147
	1484	6.983952522172463
	513	5.347510592439878
	450	4.497789604000385
	1689	1.6170013400199776
	57	1.6145091543540824
	538	1.2274668045068478
	551	1.1389935204276713
	1376	0.9693373586257875
	1304	0.28527322837453056
	539	0.1105071432540091
	719	0.06225814365766954
	576	0.039807169797776876
	515	0.0283642556829864
	557	0.02489537103792605
	1314	0.022931007455594073
	1325	0.015057894129392247
	1002	0.013243606316297734
	563	0.012864079202266267


Topic 15		108.9949286434057
	538	49.71207384823137
	555	29.399208886223043
	539	6.402256036053928
	599	6.003213671094581
	488	4.403491040965429
	550	4.078084920112093
	1686	2.6907207590158007
	556	2.500361322465533
	540	2.1042881931582977
	534	1.1806084292158139
	275	0.07170003202730235
	532	0.05043918536538098
	557	0.032502465785520976
	512	0.028315130728517768
	1425	0.022791061261458682
	483	0.02260088980697631
	514	0.020135362535455843
	515	0.01978291500238029
	610	0.017616987677934275
	1689	0.013058091962082434


Topic 16		135.20858861086782
	512	11.33402252657693
	974	10.996213731772933
	968	8.871515865994425
	972	6.992782757688621
	719	6.484215707720272
	961	5.997187039739744
	513	5.444658003196534
	57	5.0006885847886124
	988	4.997035194405536
	962	4.995822930550718
	488	4.939716823898776
	558	4.431715192428892
	985	3.9934767809677054
	976	3.993108280560886
	1005	3.0877543048219427
	984	2.997879681465667
	963	2.9973629951940164
	986	2.996156259304121
	971	2.9935686946236917
	1002	2.921948283952105


Topic 17		139.95257919635145
	555	35.162035718618895
	534	12.035691343231283
	1740	11.98663453732883
	560	11.305007551287893
	516	10.137632536716884
	540	7.511550229970483
	558	7.490799672321506
	968	6.5949443864154444
	604	5.997813479279288
	1749	4.993184065866399
	1643	4.827557863007166
	538	4.214437673241539
	451	3.8956393989800526
	1756	2.9924931743365986
	1243	2.3887647416271
	1704	2.1848414328310177
	557	2.171300807370746
	57	1.4482403500947025
	1686	1.1072730922541207
	605	0.9303532722316327


Topic 18		113.01365955826412
	118	11.196862941458619
	117	8.992035395083057
	51	5.9978704614280165
	119	5.994942044946584
	62	4.997366852841433
	61	4.76855002953739
	57	4.046726594092338
	54	3.9965293822308454
	123	3.970162036860449
	58	2.9997764837672802
	53	2.9948612845361495
	539	0.07979977644924788
	516	0.010568127747688083
	151	0.004620325917645077
	605	0.0019097543350953534
	1304	0.0017348858711276657
	512	8.337397039688665E-4
	610	3.983311555372329E-4
	556	3.4915840520001473E-4
	1004	2.987560768060772E-4


Topic 19		400.2352426147705
	469	59.888729305910424
	118	56.870375141511246
	470	34.848680235046636
	474	34.50011184952351
	464	32.80589000306324
	466	29.97094109027487
	465	23.94357603135578
	471	22.246338546375224
	475	21.99152975584583
	485	15.558512615847881
	494	14.604018186484966
	505	11.890753413211684
	472	11.591010523193832
	468	9.917806862943506
	467	5.2173248088636965
	484	4.298407441993533
	504	3.147410185056585
	483	2.726868921535593
	57	1.8005947723928943
	481	1.2723194488411118


Topic 20		62.10523561186447
	451	23.976979115477043
	557	9.058799828124798
	515	4.240227037373177
	1429	3.531949012524862
	151	3.488456258467934
	791	3.4653051055870314
	275	2.8489263393285285
	513	2.094870604275139
	1609	1.901161208345522
	1689	1.6480537728217968
	1425	1.6073475242501853
	450	1.4995712723725718
	1325	1.3940494347296728
	610	0.8448493600541128
	1003	0.11998828012972415
	468	0.05601420128220622
	1243	0.03971079482177443
	512	0.029215582021483496
	1004	0.02652276928221883
	514	0.020309165917342137


Topic 21		182.28485098440234
	512	47.158000725733835
	513	46.32490816319271
	514	19.453621190033473
	551	9.401931569750358
	516	8.269576819964575
	741	8.196109299770903
	557	7.546924963647033
	488	6.7657088738352416
	610	4.963423129496024
	451	4.813326345706211
	616	4.515957517189899
	576	3.558414454208885
	1164	2.758238615099233
	442	2.547182404929396
	61	2.225583623213623
	151	1.7991170625692363
	468	1.0105633228579916
	539	0.3005490155555946
	556	0.13066710300946696
	484	0.05916320866444789


Topic 22		183.32598165673573
	1556	35.99756885908686
	563	34.897316801069906
	533	31.90283893366442
	1545	18.998337583880996
	1550	14.998390645291275
	1544	9.99904310581229
	1549	9.998365818768397
	1552	6.998375087542592
	1548	4.99875706078798
	1561	4.9966719847113925
	1005	2.6935674786600523
	741	2.3416192352358567
	532	1.9565675866497156
	1326	1.1683123261096229
	1325	1.067355433424207
	1304	0.1912897629486118
	488	0.03937804097146124
	539	0.02793851650128285
	968	0.009271920531806695
	538	0.008170596456845694


Topic 23		137.2138168203836
	532	39.03751537420363
	539	17.3364248407594
	1704	13.804681249315651
	1164	9.034230087891167
	1696	7.996019383207214
	1697	6.997509290785196
	1689	6.393301315671117
	610	6.204205315801263
	1690	5.995670066990079
	1691	4.997384375874386
	1686	4.183825137639596
	1643	4.097904237553397
	1715	2.991630242204481
	791	2.9819707119340753
	275	1.98492936593968
	1429	1.6060816219039402
	555	0.680461124507735
	968	0.6296622247700353
	719	0.05872534994033908
	1243	0.05317381091194396


Topic 24		196.3457901015281
	881	40.9901992645406
	795	19.008173126447783
	840	12.999787714195081
	880	12.999767159899513
	844	12.99973312196771
	876	10.99972858993883
	894	9.999761491209622
	864	5.999729576938389
	859	5.99965591844072
	895	4.999721137610007
	837	4.99969897038639
	874	4.999678464486619
	872	3.99970928632235
	893	3.9997067834777837
	900	3.999679428502373
	848	3.999648024089175
	869	3.99960925549468
	870	3.9995820995184648
	839	2.9996890604716078
	887	2.9996441063738177


Topic 25		157.12711800457154
	483	32.5331134726439
	528	19.9681301900497
	551	18.56164984938105
	533	11.072713764645773
	504	10.824027885952782
	532	10.689784542099947
	464	8.999263321183967
	468	5.6017524534241945
	515	4.949578567740679
	534	4.778895530755873
	470	4.7006572371237105
	512	4.041050150648589
	482	3.8674335103330817
	465	3.0502968631608005
	540	2.697204879098969
	514	1.9152269258315981
	494	1.7940781805794201
	118	1.5755855780272638
	485	1.5511406085134296
	484	1.442812027566263


Topic 26		111.90403353772462
	1247	15.992594531944677
	1255	10.999381783856073
	1302	10.001298673659367
	1242	9.998770826912784
	1285	8.992199028008933
	1269	7.9992435130892225
	1282	7.99917820821507
	1272	6.998493154398537
	1243	6.369593138476232
	1270	5.999130043350874
	1254	4.998885255453422
	1246	4.992663776195238
	1273	3.9961272837159707
	1256	2.9955093414669705
	1258	2.604281258997845
	610	0.7593335619478843
	1314	0.07569509714713107
	1325	0.05149919267424614
	1005	0.01756903634758297
	1311	0.01338279392826053


Topic 27		125.50758457253872
	627	29.99348209534297
	616	17.774465354760718
	630	16.998547529295298
	629	16.995203843522592
	628	15.979580969507268
	539	6.890040661805494
	515	6.090595549234064
	538	3.6861372256650036
	576	3.301354653129876
	540	2.8084221550531243
	551	2.1053158644745693
	719	2.009900514790166
	512	0.3464549745739494
	513	0.1896533762285632
	492	0.08975743273170105
	549	0.08546217482648613
	558	0.061942175672946284
	514	0.03146534634408522
	555	0.024145784885166523
	741	0.01747107148645015


Topic 28		153.03227042213186
	278	22.999816440685514
	268	21.99915873376152
	294	18.999734259990998
	299	13.999710515751275
	263	11.999537945529946
	287	9.999615402696435
	276	9.999165748679875
	267	8.999817963877021
	271	6.99915467429946
	279	6.9984284512249815
	272	4.999821929651658
	265	4.9982477309328
	275	4.051841186858064
	57	3.988706285859821
	118	1.8960743328134098
	151	0.09399703444707316
	605	0.0014192723105522227
	1304	0.0012475619193063315
	556	3.283032250321652E-4
	610	2.8811166211086876E-4


Topic 29		76.55542252419633
	1326	17.82528001774817
	1311	9.986208602336255
	1295	8.987112223283795
	1376	7.384528225976626
	968	7.235023345821858
	1325	6.817216789475024
	1314	6.475722466801576
	616	3.979229291170296
	1383	2.180900183666907
	1005	2.162597291547523
	1243	2.0611041585157364
	1258	1.3781556996137314
	1285	0.007468503254056843
	1246	0.007122108791329112
	1302	0.0067209984083798895
	1247	0.005860189592469674
	57	0.0043839596542999265
	1256	0.004262341000904261
	1273	0.003533241496003759
	513	0.003161998752064796


