1
2
10
38
51
53
54
56
57
58
59
61
62
63
64
65
66
67
69
71
74
77
79
117
118
119
120
123
151
166
167
171
172
173
174
176
177
178
179
180
181
182
183
184
185
186
187
188
189
190
191
192
193
194
196
202
211
215
222
223
225
228
263
265
267
268
271
272
275
276
278
279
287
294
299
345
347
350
351
353
354
355
356
357
363
367
368
377
378
381
396
442
450
451
464
465
466
467
468
469
470
471
472
474
475
481
482
483
484
485
488
492
494
504
505
512
513
514
515
516
528
532
533
534
538
539
540
549
550
551
555
556
557
558
560
563
565
576
599
604
605
610
616
627
628
629
630
719
741
770
772
773
774
775
776
777
778
782
783
784
786
787
788
791
792
794
795
796
837
839
840
841
844
848
856
859
862
863
864
869
870
872
874
876
878
880
881
887
893
894
895
900
961
962
963
968
970
971
972
974
975
976
984
985
986
988
989
993
1002
1003
1004
1005
1046
1048
1049
1051
1053
1055
1057
1058
1060
1062
1063
1081
1118
1119
1121
1164
1242
1243
1246
1247
1254
1255
1256
1258
1269
1270
1272
1273
1282
1285
1295
1302
1304
1311
1314
1325
1326
1376
1383
1425
1427
1428
1429
1430
1431
1432
1435
1484
1488
1544
1545
1548
1549
1550
1552
1556
1561
1609
1616
1617
1621
1622
1624
1625
1626
1638
1643
1644
1650
1686
1689
1690
1691
1696
1697
1704
1715
1740
1749
1756
