Topic 00		164.78541776156283
	1617	28.997623544596205
	1622	26.998745945146513
	1616	24.99468054166639
	1625	16.995368661199706
	1638	16.400417081793474
	1626	12.997369490384077
	719	9.062459336226187
	1624	7.998106812933307
	1644	6.98784666095937
	1643	5.039477505841434
	1621	3.8981745360138245
	515	3.078518913457418
	1004	0.706054111222919
	551	0.2512017738315672
	1003	0.13665315831651131
	1609	0.06735972615230622
	1650	0.04375761251202097
	791	0.03500665732278021
	1429	0.02581990734126507
	1425	0.01780283281025134


Topic 01		34.503393379062814
	57	25.078600692177346
	1638	5.59822701702252
	1650	1.9555809525703145
	1621	1.1005176913137122
	1304	0.4501529640477456
	484	0.054889100216059444
	1003	0.0461220943032041
	514	0.020285670454810185
	505	0.016643531569049887
	551	0.014142157785282697
	1325	0.013611500577414767
	791	0.010396209551931306
	1609	0.00970853640435076
	1484	0.008491808022719656
	151	0.007497348980980114
	550	0.007266953360059553
	605	0.0059365957246285735
	442	0.0057982268321553065
	275	0.005513268765661668
	1644	0.0050563052499571805


Topic 02		34.92601466689936
	151	33.71331721210081
	539	1.0745230095368958
	117	0.007841969903344534
	118	0.007447761983757523
	605	0.005869331733953981
	53	0.0049242016575273
	119	0.004922234484425304
	1304	0.004799794962691141
	57	0.004667523112801051
	54	0.0032951494147460945
	610	0.002851628461404197
	62	0.0024772314345486283
	51	0.001985366353252817
	1376	0.0015310485716343602
	265	0.0014767346400897982
	516	0.0013134960840343085
	279	0.0013124527028019629
	483	0.001129699106000535
	556	0.001037674717442325
	512	9.726968528467865E-4


Topic 03		160.4318677766066
	1376	36.512214965958236
	741	27.43825982719538
	1425	12.334926945289675
	719	12.234385251189376
	549	8.781714465660942
	1258	7.007047585623991
	968	6.90614286580352
	1383	6.722763489327783
	550	6.341137195260568
	563	5.736216217516606
	1005	4.997575224107928
	1302	4.980997999363282
	1314	4.3936235698679305
	1325	3.5495991173194206
	1243	3.256111568780976
	488	3.0582771641141475
	551	2.399938713309176
	599	1.979101913945052
	442	0.6992379720637392
	557	0.6358999229314732


Topic 04		209.00327757972468
	354	47.99981785080513
	356	38.999828279659184
	350	34.999821496719406
	363	13.99979582884922
	351	10.999812531697843
	381	8.999780931238842
	357	7.999809488513466
	378	7.999796431641045
	347	7.999787896658011
	353	5.9997798778499645
	355	4.999776422261464
	367	3.9997706699194997
	377	3.9997609527584834
	368	3.9997278049753726
	396	2.9997555221292065
	345	2.9997369324751606
	605	0.001044187523090827
	1304	8.467699085871246E-4
	610	2.0948537462032012E-4
	556	1.7903190338069936E-4


Topic 05		65.55200632696635
	38	26.265318068404035
	2	20.999786643558654
	1	10.992471488207183
	10	3.9997085302406075
	488	2.723420370837707
	550	0.4819306670389584
	1314	0.01816167141001167
	1484	0.007307388348006819
	1689	0.005866850357855241
	539	0.0049631142440235325
	605	0.0032364508222695147
	777	0.003100988688373478
	1304	0.002640296916633303
	516	0.002232285569061429
	118	0.002184765923362596
	515	0.0021625850446352203
	881	0.0021275339276052418
	451	0.0020077803483153998
	791	0.0020020893243151566
	1058	0.0019665817781763383


Topic 06		209.1136132930742
	166	25.999488411553152
	172	21.999602239055925
	215	15.999754443703099
	184	11.999655517703243
	222	6.9998214565142005
	194	6.999605964961667
	171	6.99959849907701
	182	6.999539864573386
	181	6.998972875471791
	167	5.999523164253679
	225	4.999498202547718
	187	4.9994406935625095
	191	4.999439826638964
	190	3.9997085678518567
	223	3.9993885740894735
	228	3.999378985743804
	185	3.9993160434190678
	189	3.998944256259347
	188	2.9997504229118332
	202	2.9996677598980694


Topic 07		143.53800704591106
	563	32.21872197710526
	565	29.9248667760768
	469	21.157602037198913
	118	17.902128312888248
	514	10.55194521707132
	464	5.291602814550555
	555	4.981446255717254
	472	4.890290168781103
	485	3.834944634509111
	481	2.704325201934515
	483	2.6894645413471285
	576	1.9625038283108123
	467	1.7842816492033624
	516	1.696384960431339
	488	1.2698090719790511
	484	0.13825785250318007
	482	0.10237666099939595
	494	0.09087339726291765
	505	0.0559481292029069
	474	0.05212485694514578


Topic 08		239.83755742006406
	772	34.99792684055903
	783	24.997214822547875
	57	15.8968556517732
	784	14.99740603242567
	488	14.74076572910078
	719	14.063383860798297
	515	11.470935465956172
	792	8.996784647395097
	118	7.653426116717496
	794	6.99771338017111
	787	6.995512556280641
	451	6.115988678515448
	774	5.9981807661652615
	773	5.996029719273131
	516	5.133543191219199
	778	4.996887463341178
	796	4.996742197489829
	786	4.996513078413711
	782	4.996051637372315
	795	4.989567702119761


Topic 09		118.87232225427559
	1435	36.9984874035499
	1429	23.816305187256823
	1432	11.998744105393488
	1428	11.99814877867113
	1430	10.998163650624694
	1427	8.998332159931415
	1431	6.998346629000308
	1243	2.8110466388676043
	515	1.9396408389400772
	791	0.8865673881163046
	516	0.6436070026394303
	512	0.5065912819512639
	532	0.19781672637183617
	557	0.029925603288802716
	514	0.014885781009762228
	492	0.01349545616386416
	451	0.007284858063072811
	616	0.002258654693768676
	605	0.0018177483842981433
	488	0.0017896474204978662


Topic 10		73.97532115212444
	1119	39.99945185063744
	1164	11.141637519677534
	1118	10.999781357793726
	1121	4.999058055730497
	515	4.083868754036077
	1005	2.0093514676721895
	968	0.5841915019235634
	442	0.13792094353233417
	605	0.0028811586483420875
	1304	0.0023424870284002616
	610	6.397850586777522E-4
	556	5.521443407624124E-4
	539	4.966418869557321E-4
	512	4.929371193500503E-4
	1004	4.8305433020091307E-4
	516	4.1657046359474143E-4
	57	3.8939807469055295E-4
	468	3.815785976436398E-4
	557	3.696751460150318E-4
	550	3.270553873185625E-4


Topic 11		62.35942939223969
	492	28.952750989936526
	470	15.445503018341244
	471	8.688273526530443
	472	3.7592566698553362
	118	2.70695054044408
	494	1.4997040788765152
	464	0.9194426655608849
	556	0.18552800719256513
	485	0.04382953162526604
	532	0.04374919138392336
	466	0.02157999938041268
	515	0.007659859606876264
	777	0.004760725158814251
	514	0.0035981094031643404
	605	0.003395223641588263
	791	0.003190093669301217
	57	0.002941635046902506
	557	0.0028324642415162413
	1304	0.0027629733625863166
	38	0.002537307678461904


Topic 12		87.93597967675488
	1003	23.631221125974516
	1488	19.99618973142408
	1484	14.990107171841945
	1383	9.08292517012003
	968	7.128053234996875
	565	5.038049650546637
	451	2.1197100134687847
	616	2.001432559535159
	515	1.9080143759143533
	1002	1.0375333226833818
	539	0.6750334661685241
	1376	0.09966378042524623
	1325	0.0730193719511232
	57	0.04102740826743649
	1304	0.029533982366296757
	1004	0.016116078800066182
	483	0.013944431397785824
	442	0.010769921739409024
	1425	0.0102500842904334
	605	0.0024378329271836936


Topic 13		116.3880121809888
	1048	17.99655654587093
	1063	13.99765672143835
	555	10.655675985021624
	1081	8.999398164098986
	1058	8.992885124569783
	560	6.68305197632465
	1060	5.9990345658078645
	1049	5.999019961860311
	1053	5.998613628695117
	1055	4.998840777966175
	1046	3.9991886848755347
	1051	3.998542423125756
	442	3.0141097228025773
	610	2.0483609639026845
	57	1.8197745924507291
	38	1.1645233644528437
	557	0.4067104774067099
	492	0.37064378914211393
	515	0.11168414575356424
	516	0.06413641224912844


Topic 14		56.916487237056174
	442	24.990866403451875
	1004	7.838016532805549
	1484	6.98310110875993
	513	5.34737195936555
	450	4.497865653083866
	1689	1.6169962951247816
	57	1.6145970503026077
	538	1.2275458927318776
	551	1.138539877432315
	1376	0.967904035561361
	1304	0.2852475834631249
	539	0.11028238091578361
	719	0.06266316801220725
	576	0.03982378180336023
	515	0.028358383188334686
	557	0.02526738935997435
	1314	0.02316683133659086
	1325	0.015047474615351105
	1002	0.013238650048499303
	563	0.012900912600055254


Topic 15		108.99623652756677
	538	49.71153568923417
	555	29.398929172936757
	539	6.402146101249926
	599	6.003212290350597
	488	4.404245442451155
	550	4.079192210592403
	1686	2.690615134699849
	556	2.5003832131340102
	540	2.1047447036362215
	534	1.1805345973797186
	275	0.07177262551102065
	532	0.05046445076015349
	557	0.032459866424450215
	512	0.02830618415512592
	1425	0.022811968598076687
	483	0.022600790240006226
	514	0.020137028605270058
	515	0.019783444279711272
	610	0.017614258660578655
	1689	0.013056850601799612


Topic 16		135.19862749351864
	512	11.33438235140983
	974	10.996214202873034
	968	8.87235545464504
	972	6.99278348130353
	719	6.483158665475443
	961	5.997186879915351
	513	5.444740816360009
	57	5.000638670971525
	988	4.9970355154561235
	962	4.995823178423446
	488	4.939855254400005
	558	4.431819153263129
	985	3.993477135793725
	976	3.993108946473038
	1005	3.0852822712195973
	984	2.997879511651083
	963	2.9973628854578758
	986	2.9961562563410915
	971	2.99356938918595
	1002	2.921957269080753


Topic 17		139.9494103354062
	555	35.162182360534885
	534	12.03572355903874
	1740	11.986635027101395
	560	11.304934316551169
	516	10.137453831154964
	540	7.510731344332694
	558	7.490711316211613
	968	6.5946222614126695
	604	5.997813529238337
	1749	4.993183253328342
	1643	4.8275659349484865
	538	4.2147437063462085
	451	3.895255666102722
	1756	2.992492771097574
	1243	2.3887274765105575
	1704	2.1848458231442995
	557	2.1695208133744117
	57	1.4481471899180092
	1686	1.107407837165039
	605	0.9303573158579501


Topic 18		113.013598650011
	118	11.196788560047946
	117	8.99203536808049
	51	5.997870459312222
	119	5.994942032954148
	62	4.99736684984893
	61	4.768551714621531
	57	4.04672694335833
	54	3.9965293777824358
	123	3.9701587958777647
	58	2.999776487405131
	53	2.994861277195312
	539	0.0798139840510904
	516	0.010568746292207654
	151	0.004620311771651657
	605	0.001909718522121727
	1304	0.0017351488554083804
	512	8.33776569256159E-4
	610	3.9833077048809587E-4
	556	3.4914767145395484E-4
	1004	2.9853313072235695E-4


Topic 19		400.1582883909946
	469	59.87019241471553
	118	56.85586715738072
	470	34.848067660259176
	474	34.50136508565538
	464	32.78244080032626
	466	29.970920455728013
	465	23.942361484481566
	471	22.246071670519253
	475	21.9915288821729
	485	15.555924834156961
	494	14.603123951627081
	505	11.890630283544336
	472	11.580558282633449
	468	9.917944165293877
	467	5.213586455199865
	484	4.297765584193273
	504	3.147460512055443
	483	2.7266809819245346
	57	1.8005744007290945
	481	1.2712302517912253


Topic 20		62.11442057231863
	451	23.975413078723655
	557	9.073890219843916
	515	4.2396138059365
	1429	3.5317652318365362
	151	3.488037585982541
	791	3.463171765348605
	275	2.8487595732006703
	513	2.0945625007735074
	1609	1.9011357442415782
	1689	1.6480462115235786
	1425	1.6068222380655524
	450	1.4994949207645685
	1325	1.3937832162993598
	610	0.8446994795224159
	1003	0.1198218235145682
	468	0.055879246568506555
	1243	0.03969282560970688
	512	0.02919720419737145
	1004	0.02736009082500694
	514	0.02031660104040429


Topic 21		182.27747706834464
	512	47.15531598012987
	513	46.325398283117735
	514	19.44850207523597
	551	9.40205444896088
	516	8.269424871420885
	741	8.196018562089126
	557	7.5468103568138325
	488	6.764772590667512
	610	4.96342684965318
	451	4.813213777429122
	616	4.516310588246826
	576	3.55844222543111
	1164	2.758237083647796
	442	2.547374261415342
	61	2.2255835104885415
	151	1.7993378259892658
	468	1.0111500818034025
	539	0.30036065818605967
	556	0.13067063601435233
	484	0.05916803929482842


Topic 22		183.45124847176646
	1556	35.99756653762159
	563	35.01064450017402
	533	31.903461881552317
	1545	18.998335669926654
	1550	14.998389222045999
	1544	9.999041686701815
	1549	9.998363433058973
	1552	6.99837276094245
	1548	4.998755420147299
	1561	4.996670581950978
	1005	2.708500366506028
	741	2.341140087198351
	532	1.9565154565172214
	1326	1.1678341398870724
	1325	1.063254535938207
	1304	0.19120077181624776
	488	0.039342537250091694
	539	0.027917551994982977
	968	0.009246909815229501
	1004	0.008971773067455582


Topic 23		137.21438045500733
	532	39.03749188603298
	539	17.33662571588893
	1704	13.804675977732906
	1164	9.034231692529094
	1696	7.996019499222013
	1697	6.997509335755284
	1689	6.393284710675445
	610	6.204356874136058
	1690	5.995670198337935
	1691	4.997384386081074
	1686	4.183797365259983
	1643	4.097898436364221
	1715	2.991630457415362
	791	2.982066836306568
	275	1.984971737141673
	1429	1.6060953143777592
	555	0.6804856535748547
	968	0.6297872540718137
	719	0.05870850018750484
	1243	0.05316744555700238


Topic 24		196.34582051820328
	881	40.99019895581401
	795	19.008173141093224
	840	12.999787714741636
	880	12.999767157791048
	844	12.999733123233323
	876	10.999728592051806
	894	9.999761494101197
	864	5.999729579878032
	859	5.999655922501808
	895	4.999721143312847
	837	4.999698973123357
	874	4.999678472311235
	872	3.999709287795046
	893	3.999706783278041
	900	3.9996794351107168
	848	3.999648026492305
	869	3.99960925242974
	870	3.9995821032305936
	839	2.999689069534172
	887	2.9996441040276327


Topic 25		157.13271250345122
	483	32.53121124701261
	528	19.968141098794444
	551	18.56071819071087
	533	11.072119995257818
	504	10.823910315103877
	532	10.689816534533227
	464	9.000130807962218
	468	5.6011714047554575
	515	4.949704046042358
	534	4.778938088293741
	470	4.701235680919225
	512	4.043467461702926
	482	3.8665931940782956
	465	3.05151257827884
	540	2.6971652742781833
	514	1.9166218405276048
	494	1.7935251413252387
	118	1.5792528354039694
	485	1.5516357845743383
	484	1.4431972788291636


Topic 26		111.90436833656273
	1247	15.992595945773928
	1255	10.999381837749814
	1302	10.001295179023238
	1242	9.998771012219352
	1285	8.992200678777937
	1269	7.999243586166751
	1282	7.999178287482455
	1272	6.998493389060174
	1243	6.369933320549512
	1270	5.999130133282195
	1254	4.998885374385981
	1246	4.992665693935263
	1273	3.9961277972787475
	1256	2.995510173487714
	1258	2.6043287852991943
	610	0.759351147056925
	1314	0.07573937591506164
	1325	0.05141646694361728
	1005	0.01752347129423309
	1311	0.013387576215791045


Topic 27		125.50673255062074
	627	29.99348185008682
	616	17.774594989044374
	630	16.998547376532642
	629	16.995203656813167
	628	15.979579392284487
	539	6.890151360218773
	515	6.0906278099892965
	538	3.6862246678294834
	576	3.3012976279216497
	540	2.8083420672669837
	551	2.105080442151781
	719	2.0092597733222655
	512	0.34650900873866086
	513	0.1895206576486293
	492	0.0897389566409824
	549	0.08536874664267945
	558	0.06192776018723604
	514	0.031473415929479234
	555	0.024148960484690483
	741	0.01746965607452464


Topic 28		153.0322254066983
	278	22.99981644535767
	268	21.999158735985446
	294	18.999734253613774
	299	13.999710492015822
	263	11.999537935661941
	287	9.99961540589874
	276	9.999165752373159
	267	8.999817954845653
	271	6.999154683598801
	279	6.998428434265573
	272	4.999821933094822
	265	4.998247732340065
	275	4.051870544610688
	57	3.988709189644839
	118	1.8959969068991687
	151	0.09399695847351631
	605	0.0014192453788995335
	1304	0.00124775486881447
	556	3.283413913115139E-4
	610	2.8811874026295247E-4


Topic 29		76.56574557621778
	1326	17.82575628849403
	1311	9.986203792740149
	1295	8.987109187793758
	1376	7.384773257305792
	968	7.238444034241849
	1325	6.821480277014644
	1314	6.475712585461883
	616	3.978572550226722
	1383	2.1807884751536357
	1005	2.166116814131568
	1243	2.060340619822563
	1258	1.3781002078736937
	1285	0.007466861005452883
	1246	0.007120212740307871
	1302	0.006717998491847742
	1247	0.005858803082388758
	57	0.004384138747810483
	1256	0.004261524440423298
	1273	0.0035327390678185568
	513	0.003159881608914466


